10
37
0,0
36,36
 8, 0, 8, 6, 8, 2,10, 2, 4, 1, 9, 9, 5,10, 1, 1, 1, 0, 7, 3, 1, 6, 9, 3, 9, 7, 7, 9, 5, 6, 4, 5, 1, 6,-1, 1, 7
 4,10, 2, 3, 0, 5, 2, 1,10, 2, 4, 5, 4, 3, 3, 4,10, 2, 3, 9, 6, 9, 1, 6, 7, 7, 5, 8, 7, 2,-1, 3, 2, 5,-1, 9, 2
 1, 5, 8, 9, 0, 1, 2, 4, 7, 8, 2, 9, 8, 4, 2, 2,10, 8, 8, 2, 3, 3, 1, 5,10,-1, 2, 7, 1, 4,-1,-1,-1, 0,-1, 5, 6
 8, 6, 2, 4,10, 8, 9, 9, 7, 1, 0, 8, 8, 2, 4, 2, 1, 7, 6, 8, 3,-1, 8, 1, 8, 6, 1, 3, 3, 0, 7, 3, 4, 0, 9,10, 0
 7, 6, 2,10, 7, 8, 1,-1, 5, 8, 8, 1, 1, 5, 8, 9, 9, 1, 8, 5, 1, 8, 4, 5, 4, 5, 8, 7, 6, 6, 8, 2, 0, 8, 8, 8, 8
 9, 3, 0, 3, 5,10,-1, 9, 0, 8, 3, 8, 2,10,10, 7, 1, 8, 4, 2,10, 5, 4, 7, 4, 4, 6,10, 9, 0, 3, 5,10, 0, 0, 3, 5
10, 5, 1, 7, 5,10, 6, 6, 6, 5, 8, 9, 4, 3, 9, 0,10, 4, 9, 5, 3,10, 3, 9, 3, 4,-1, 8, 5, 0,10, 5, 2, 3, 7, 6,-1
 1,10, 0, 9, 9, 1, 0, 2,-1, 0, 6,10, 1,10,10, 0, 7, 5, 2, 7, 7, 6, 9, 0, 3, 2, 4, 9,-1, 5, 7,-1, 9, 8, 6, 3, 4
10, 0, 1, 0, 6,10, 2, 6,-1,-1, 3, 9, 9, 8, 3, 7, 4, 3, 4, 5,-1, 9, 3, 5,10, 2, 3,-1,10, 2, 0, 0, 7, 8,-1,10, 2
 7, 4, 8, 0, 8, 7,-1, 3,-1, 0,-1, 7, 9, 6, 7, 6, 1,10, 6, 0, 5, 8, 1, 2, 8, 3, 0,10, 7,10, 1, 2, 6, 9, 7, 3, 8
 6, 0, 4, 7, 7,10, 8, 0, 1, 6, 2, 6, 4, 6, 6, 7, 5, 5, 8, 2,10, 2, 6, 8,10, 8,10, 9, 9, 0, 2, 0, 9, 6, 5, 4, 2
 7, 0, 9, 4, 7, 4, 5, 8, 2, 2, 4, 3, 6, 1, 4, 7, 4, 9,-1, 5,10, 3, 4, 9, 7,10, 3, 5, 2, 9, 7, 0,-1, 5,10, 7, 1
 6, 6, 8, 2,10, 4,-1, 4,-1, 2, 9, 6, 5, 7, 0, 4, 9,10, 4, 9, 0, 9, 2, 6, 7, 1,10, 5, 6, 6, 5,10, 4, 5, 7, 6, 8
 3, 9, 1, 4, 8, 2,-1, 2,-1, 7, 8, 3, 6, 6, 9, 4, 6,-1, 4,-1, 1, 4, 5, 9, 2, 0, 1, 9, 3, 7, 0, 1,10, 5, 6,-1, 9
10, 8, 9, 1,10, 7, 0,10, 9,10,10, 1, 9, 3, 7, 5, 9, 3, 8, 6, 6, 7, 1, 1, 5, 6, 2, 7, 2, 3, 4, 9, 9, 9,10, 2, 8
10, 2, 8, 5,-1, 2, 5, 8, 7, 0, 5, 1, 3, 0, 4, 3, 9, 5, 9, 7, 7, 2,-1, 2, 8, 4, 1, 5, 9, 6, 0, 4, 0, 9, 1,-1, 0
 4, 4, 5,10, 2, 5, 2, 3, 2, 2, 0, 4, 5, 3,10, 9, 3, 6, 2, 9, 9, 1, 4, 3, 2,10, 3, 1, 8, 6, 7, 4, 6, 7, 5, 1, 8
 4,-1, 9, 7, 5, 5, 3,10, 8, 3, 3, 9, 5, 6, 1,10, 7, 4, 9, 9, 5, 9, 8, 9, 9, 1, 6, 9, 7, 5, 3, 5, 4, 6, 3, 0, 1
 9, 0, 1, 5, 1, 3, 8, 0, 1, 2, 5, 0, 9, 9, 3, 4, 0, 2, 0,10, 7, 0,10, 3, 7, 0, 8, 9, 0, 1, 0, 2, 0, 3, 4,10, 3
 6, 6, 1,-1,10, 7, 1, 5, 2, 3, 5, 8,10, 7, 3, 0, 6, 8, 5, 1,10, 0, 6, 6, 8, 0, 7,-1, 0, 7, 9, 5, 5, 7, 1, 5, 4
 3, 6, 4,10, 7, 8, 2, 9, 8, 3, 4, 3, 8, 7, 6, 6, 2, 7, 9, 6, 6, 0, 0, 6, 5, 9, 2, 3, 3, 3,10, 7,10, 6, 7, 2, 9
10, 1, 2,-1, 7, 0, 5,10, 2, 8, 4, 7, 8, 7, 7, 5, 2, 5, 7, 4, 2, 4, 3,10, 6, 8, 5, 2, 1, 4, 9, 0, 1, 4, 0, 2, 2
10, 4, 9,10, 9,10, 9,10, 7, 9, 0, 1, 6, 5, 3, 0, 6, 4, 7, 9,10, 4, 4, 9, 8, 1, 7, 8, 0, 0, 9, 3, 8, 5, 3, 7, 6
 7, 4, 6, 0, 7, 7, 8, 6, 8, 9, 1, 2, 9, 3, 4, 9, 0, 8,10, 1, 0, 5, 9, 8, 7, 9, 3, 3,10, 7, 9, 8, 3, 2,10, 3, 6
 9, 2, 1, 8, 4, 8, 1, 8, 6, 0, 3, 9, 1, 7, 3, 8, 5, 8, 5, 4, 4,10, 5, 0, 9, 2, 1, 9, 0, 6, 8, 4, 4,-1,-1,-1,10
 7, 7, 0, 8, 4, 4, 1, 9, 8, 0, 9, 8,10, 5, 5, 2, 8, 1, 5, 9, 9,10, 6, 5, 9, 8, 1, 4, 4, 7, 6,10, 4, 9, 1, 8, 2
 1, 6, 7, 2, 8, 7, 6,10, 1, 0, 9, 5,10, 7, 6, 4, 9, 2, 2, 5, 1, 9, 2, 1, 6, 8, 3, 0, 8, 1, 0, 6, 9, 8, 3,-1, 0
 5, 5, 7,10, 1, 8, 4, 4, 0,10,10, 1, 1, 2, 8, 4, 8, 0, 6, 8, 3, 8, 5, 5, 3, 8,10, 8, 5,10, 1,10, 2, 5, 0,-1, 6
 9, 0, 8, 1, 3, 5, 6, 0, 7, 9, 2, 1, 6, 8, 1, 2, 1, 5, 0, 0,10, 0, 4, 9, 0, 0, 4, 7, 4, 3, 6, 9, 6, 5,10, 0, 3
 1, 7, 2, 0, 5, 6,10, 6, 6,10,10, 2, 1, 0, 2, 7, 1, 1, 8, 3, 5, 0,10, 1, 8, 2, 6, 3, 0, 9, 3, 2, 4, 9, 8, 5, 3
 1, 3, 2, 1, 1, 6, 3,-1, 0, 4, 8, 7, 3, 4, 7, 6, 1, 9, 7, 0,10, 4, 6, 5, 7, 8, 2,10, 1, 2, 6, 7, 8, 2, 3,10, 9
 3, 6, 4, 9, 2,10, 9, 8, 2, 7, 6, 6, 8, 3, 7, 9, 3, 7, 0, 0, 3, 2, 4, 5, 8, 7, 2,10,10, 4,10, 2,10,-1, 6,-1, 0
 6, 4, 4,10, 8, 3, 0, 7, 3, 8, 4, 7, 3, 1, 5, 6, 0, 2, 2, 6, 2, 1, 4, 3, 1, 4, 0, 5, 7, 1, 6, 5,10, 7, 5,-1, 3
 4, 8, 0, 2,10, 9, 3, 3, 8, 7, 7, 8,10, 6,10, 2, 4,10, 0,10, 7, 8, 7, 1, 9, 5,10, 4, 2, 0, 9, 7, 1, 8, 3, 8, 9
 2, 2, 5, 1, 7, 1, 8, 2,10, 3,10, 5, 7, 9,10,10,10, 0, 4, 4, 2,10, 2, 0, 1, 6, 9,10, 7, 4, 6,10, 8, 4, 8, 0,10
 3, 1, 0, 8, 1, 4, 7, 9, 3, 7, 3, 6, 6, 6, 3, 9, 9, 3, 9, 3, 3, 7, 5,10, 0, 8, 2, 2, 5, 4, 9, 8, 5, 3, 2, 6, 4
10, 1, 9, 5, 9, 2, 6,10, 3, 4,10,-1,10, 7, 9, 2, 1, 2, 0, 4, 6,10, 2, 0, 0, 3, 4, 1, 4, 4, 0, 4,10, 6, 2, 5, 6


13
0,0
12,12
17,7,22,49,5,47,45,44,44,40,44,44,40
14,3,40,4,9,19,36,9,28,49,44,44,40
44,28,20,18,43,10,41,3,10,39,44,44,40
21,25,17,23,45,11,3,27,4,40,44,44,40
24,11,6,21,12,10,13,20,35,8,44,44,40
32,18,28,13,3,21,27,-1,25,18,44,44,40
8,28,10,21,31,12,-1,34,15,50,44,44,40
47,8,1,33,38,48,23,32,5,31,44,44,40
-1,50,50,5,35,44,49,1,31,6,44,44,40
2,28,6,3,6,13,31,50,44,1,44,44,40
47,8,1,33,38,48,23,32,5,31,44,44,40
-1,50,50,5,35,44,49,1,31,6,44,44,40
2,28,6,3,6,13,31,50,44,1,44,44,40


38
0,0
37,37
8,12,15,29,-1,27,22,25,27,26,-1,7,41,47,40,33,5,46,34,16,30,1,22,16,35,22,5,42,30,24,42,19,43,10,50,1,18,37
18,49,29,27,39,13,41,43,17,7,11,21,50,27,34,21,21,27,24,24,3,7,18,26,19,12,7,5,31,28,32,8,22,14,40,1,9,10
2,39,38,12,48,9,44,32,24,31,4,4,10,12,47,46,24,22,19,30,4,46,8,50,46,27,49,27,23,42,39,35,4,39,11,43,41,8
38,44,30,9,24,43,2,48,30,13,42,21,26,32,18,8,41,12,19,29,35,31,42,41,36,17,41,44,10,1,46,41,2,21,6,15,45,20
20,44,18,22,41,41,41,27,5,18,17,39,17,-1,6,45,31,28,6,2,26,23,43,49,12,41,39,48,42,21,28,50,28,44,21,10,6,7
8,20,19,21,8,3,2,9,42,40,18,15,50,45,44,9,49,1,8,2,32,45,34,26,41,32,24,8,23,9,41,41,1,3,45,31,20,2
9,47,26,12,29,14,3,24,12,3,44,28,29,23,24,32,27,10,1,45,17,22,2,39,37,20,15,42,2,24,47,27,23,8,13,32,31,11
24,13,28,27,16,6,28,48,30,7,21,44,37,24,43,4,12,13,32,-1,10,49,18,37,6,10,50,27,50,27,16,12,13,14,31,16,7,7
19,8,42,22,44,9,46,6,50,37,35,13,6,6,4,40,14,22,40,15,2,12,10,18,24,13,42,33,48,45,30,13,45,39,29,17,47,23
35,31,28,46,42,48,35,49,39,14,27,28,1,22,5,46,21,3,23,37,49,45,40,12,6,-1,35,4,33,24,3,12,3,29,9,20,36,47
3,6,22,11,23,11,11,19,39,10,2,40,49,15,30,41,9,33,4,2,49,20,36,3,40,21,8,38,14,26,26,16,46,2,24,20,49,37
22,13,43,31,15,6,37,10,39,25,44,25,42,46,20,17,40,8,36,4,36,36,10,17,24,35,3,44,42,41,16,34,12,28,39,35,13,12
23,30,33,29,15,-1,43,2,43,44,48,39,28,22,1,47,18,21,6,14,3,32,43,2,15,22,50,23,38,26,-1,24,3,35,24,34,28,29
17,18,17,33,32,27,21,29,6,44,35,50,35,31,5,30,50,2,26,9,-1,-1,18,9,13,13,25,33,20,22,4,49,35,6,41,37,22,49
42,25,50,-1,38,12,1,46,48,16,19,45,24,18,1,45,10,36,31,42,43,15,39,36,31,1,16,4,32,-1,41,15,23,22,35,49,18,20
46,15,39,1,4,48,42,46,11,22,10,36,39,10,25,13,33,49,26,45,27,25,10,1,24,3,22,31,26,26,25,18,11,9,47,26,28,12
38,26,22,11,8,9,30,21,34,42,10,11,4,35,10,18,35,5,50,49,25,31,33,32,3,17,16,33,1,10,27,9,21,-1,11,42,46,45
2,22,17,10,6,33,32,3,29,15,6,26,28,26,3,17,24,-1,46,45,48,22,17,17,47,10,49,25,16,22,-1,48,6,31,8,31,44,17
45,44,50,50,8,23,40,38,48,11,16,12,33,31,36,6,29,31,47,12,35,10,49,9,2,17,19,36,12,46,9,39,17,9,32,47,42,11
43,36,13,48,2,16,47,7,37,-1,1,20,20,17,1,30,42,30,5,-1,27,30,3,2,40,29,35,29,48,17,21,15,36,29,46,18,21,38
33,45,26,48,15,46,36,-1,17,47,7,30,3,-1,43,21,27,10,35,22,45,33,17,47,27,9,37,2,12,22,42,35,9,-1,40,11,23,20
11,42,45,45,21,3,39,40,25,14,38,26,12,14,41,-1,38,45,38,-1,21,6,2,20,48,-1,10,11,6,27,2,2,13,26,5,37,35,10
8,6,12,14,20,32,50,10,16,50,34,28,33,16,7,1,41,12,43,21,40,44,40,6,30,37,5,24,22,19,12,38,48,40,23,41,20,22
21,41,40,50,34,37,22,38,37,28,21,15,30,7,7,33,46,30,39,34,21,3,15,20,5,31,29,39,40,31,49,21,4,32,10,14,48,35
12,48,11,48,44,9,35,16,16,31,43,10,35,50,29,13,31,10,17,13,28,37,46,41,2,44,38,18,24,43,6,25,35,26,24,20,3,42
4,-1,7,5,15,47,2,50,30,2,13,40,44,6,38,27,46,22,35,29,14,30,42,16,18,50,5,31,41,47,47,6,3,4,2,33,46,34
31,2,28,13,16,45,30,26,43,22,12,44,48,40,18,25,7,23,11,48,5,40,14,42,8,36,6,34,15,15,28,16,33,36,-1,47,3,28
30,45,27,43,30,16,41,46,3,20,20,5,2,8,-1,40,42,13,9,5,42,45,24,21,3,4,5,20,40,26,13,30,4,34,39,11,39,1
35,21,15,44,11,12,36,46,30,24,9,45,6,23,14,5,15,29,30,42,30,7,37,43,7,17,37,46,41,26,47,48,46,22,33,18,41,13
49,12,16,33,47,43,48,47,19,1,4,16,30,18,5,12,39,24,9,3,50,44,29,7,48,41,14,36,31,2,8,7,4,18,27,6,48,47
49,2,11,18,28,42,17,-1,36,23,34,50,3,31,17,42,45,33,17,42,32,11,48,10,36,7,19,7,38,26,12,9,32,1,44,44,17,12
35,19,33,3,41,14,31,46,32,43,44,39,11,7,8,35,44,25,42,26,5,42,8,4,1,18,14,37,8,6,27,6,10,23,50,14,48,16
24,17,31,31,21,40,1,14,38,22,19,8,46,21,49,38,41,19,22,31,34,28,11,35,12,23,40,13,48,33,25,14,24,7,1,6,33,50
21,42,48,30,11,35,23,16,19,18,37,18,49,11,6,34,7,45,45,20,42,23,3,35,34,15,10,11,15,10,32,5,28,27,16,42,39,23
50,5,24,36,50,7,42,41,21,47,20,40,19,10,6,30,43,21,49,34,20,13,27,42,37,-1,6,8,11,12,47,25,44,27,13,37,1,14
22,3,29,6,47,15,25,21,14,47,25,9,3,12,36,5,38,28,10,3,15,41,43,35,20,32,23,34,33,3,48,41,39,3,5,26,39,16
31,17,21,30,23,40,20,36,13,44,20,49,15,29,39,13,8,2,43,25,48,2,17,40,13,3,34,20,9,46,40,-1,38,24,23,44,35,11
44,45,2,29,7,28,45,3,28,3,17,22,29,42,14,44,20,8,11,19,22,46,25,3,18,12,15,26,2,31,25,18,39,45,13,27,40,1



40
0,0
39,39
13,45,34,9,12,6,12,1,1,2,2,18,23,27,20,41,-1,21,40,40,42,13,42,21,39,1,25,43,26,-1,37,32,6,3,6,13,47,42,24,25
40,43,2,43,37,16,35,35,25,12,13,36,20,17,48,29,28,12,10,28,13,10,41,21,36,26,24,49,48,48,20,27,25,7,-1,6,24,40,35,25
8,7,50,12,24,21,1,23,22,3,19,50,9,24,50,36,49,48,48,46,24,10,35,4,50,40,36,50,18,22,21,4,18,6,36,33,14,8,17,32
20,48,39,22,30,35,36,43,39,27,-1,31,43,39,15,-1,3,42,17,11,40,1,48,-1,25,16,40,49,49,19,17,14,41,8,1,33,2,17,30,13
31,9,11,19,22,27,25,39,32,19,50,16,44,29,44,10,4,47,30,30,29,24,20,8,30,46,47,16,13,46,27,49,25,32,6,42,49,38,30,9
3,15,39,29,3,37,9,14,48,2,28,33,24,13,11,37,22,2,5,1,50,23,35,9,12,29,2,17,49,30,19,31,39,27,19,40,11,41,40,16
49,47,37,1,22,40,11,24,31,43,38,40,1,18,39,11,16,43,28,15,7,40,14,33,20,46,32,4,14,38,25,3,37,40,22,11,8,43,30,42
30,22,20,18,-1,33,26,50,47,45,2,6,16,30,42,14,8,46,29,14,49,13,18,6,26,47,41,6,21,15,11,22,16,13,48,41,37,9,16,13
36,37,31,14,8,-1,13,42,3,37,19,19,-1,38,28,41,15,27,47,47,8,37,3,47,15,14,4,17,-1,39,37,29,28,5,43,44,2,50,7,26
7,18,17,36,8,8,13,41,11,40,35,30,14,32,12,12,23,16,49,14,35,49,29,13,27,14,10,45,34,38,42,20,41,8,22,42,31,-1,50,20
38,2,21,5,35,45,29,26,10,24,39,9,24,37,16,18,27,30,40,30,28,16,3,32,33,15,23,48,40,18,37,30,3,-1,7,18,14,12,10,19
4,30,8,25,26,38,33,37,3,19,49,16,48,1,31,8,16,31,37,5,6,32,30,7,31,40,5,18,11,4,50,24,12,4,21,38,15,38,39,26
19,30,6,3,35,24,6,12,32,36,20,6,47,20,27,33,33,26,5,30,4,25,23,50,50,29,33,16,2,5,12,7,-1,12,13,38,20,45,11,44
20,49,9,1,44,42,48,17,45,-1,15,20,27,13,8,17,19,46,48,4,43,49,-1,17,22,9,23,22,49,44,3,13,9,30,37,1,11,13,41,37
7,40,5,30,33,43,42,30,9,5,34,41,44,34,11,6,17,-1,33,9,35,37,38,49,28,5,27,14,13,22,22,46,32,1,25,37,22,14,50,16
22,32,45,4,28,8,7,24,26,24,9,25,37,26,50,8,9,7,4,36,25,1,11,25,34,50,44,10,43,28,28,9,46,39,47,11,33,26,42,41
6,26,33,40,22,36,28,27,28,27,34,17,2,12,13,8,2,14,32,-1,45,41,21,40,44,3,46,28,9,19,19,11,47,46,19,11,20,37,50,29
28,4,12,23,29,31,19,33,1,39,29,49,42,32,44,46,48,39,20,12,22,25,29,48,9,11,29,49,5,2,22,2,16,40,30,19,14,4,26,19
45,7,24,48,39,37,44,25,19,1,50,9,32,9,13,23,5,32,37,38,21,43,23,13,41,8,14,22,6,26,31,13,24,6,1,15,27,10,15,7
5,1,9,42,2,27,40,12,31,43,25,39,21,13,36,38,4,16,4,24,7,40,23,38,44,38,49,21,40,28,23,33,6,32,9,20,13,17,4,25
-1,47,22,24,39,25,26,23,8,-1,41,33,11,11,32,50,39,46,4,37,6,13,4,41,13,19,22,33,32,47,33,5,40,46,34,21,8,10,38,39
24,3,21,20,15,41,16,3,37,39,1,8,6,38,28,36,6,19,48,31,24,47,16,27,47,14,45,25,6,31,12,29,33,-1,8,25,39,41,30,43
29,46,22,39,31,13,24,23,36,33,28,15,50,29,1,20,16,3,9,7,14,45,40,5,20,33,2,33,2,49,3,38,21,17,13,5,27,11,4,37
46,27,7,50,9,10,11,26,18,32,1,45,2,7,9,32,20,1,50,5,35,50,39,47,14,34,34,8,38,43,41,2,9,35,50,41,19,22,37,-1
41,10,4,28,7,23,18,35,10,23,38,38,1,1,21,6,4,25,23,22,40,21,33,34,32,-1,34,45,18,11,37,17,46,42,19,50,39,50,42,12
38,40,10,41,31,30,47,32,6,46,11,13,3,49,27,-1,4,15,29,31,50,1,10,5,12,3,32,9,19,33,28,22,24,16,13,39,19,22,5,35
44,44,36,3,22,36,5,38,15,37,9,45,32,30,9,18,14,17,4,33,2,49,14,10,28,38,22,3,1,50,25,21,18,23,18,-1,25,15,16,16
13,22,9,41,-1,10,31,-1,18,26,2,24,7,11,7,11,27,9,41,19,12,44,2,35,13,21,20,44,15,2,39,19,43,6,32,15,10,25,26,32
42,47,41,14,26,9,50,28,19,28,17,37,43,14,26,3,16,18,2,50,50,16,36,19,10,35,43,8,35,24,16,42,1,47,47,13,22,32,48,16
32,45,49,33,20,5,41,30,13,11,30,6,15,21,14,8,37,11,36,3,18,24,2,11,46,39,41,15,34,-1,32,1,18,18,49,48,48,48,-1,5
3,30,43,24,16,20,45,28,10,40,25,30,6,36,26,16,24,49,38,38,20,32,4,7,21,8,30,31,19,34,20,39,22,23,25,9,43,23,24,4
36,25,20,48,15,1,49,47,11,46,31,11,27,13,2,3,15,21,16,45,47,31,7,30,40,31,3,5,10,48,49,37,14,20,50,46,2,29,9,13
50,20,28,39,14,32,31,15,-1,38,25,48,19,4,42,9,11,40,48,39,19,30,49,4,9,30,21,1,48,1,4,38,35,26,31,35,15,48,24,3
23,7,19,38,24,29,33,12,38,36,29,49,38,22,40,50,9,47,3,10,-1,34,9,38,44,36,7,13,28,1,34,32,11,33,4,35,43,8,9,49
19,36,30,7,44,6,42,25,33,23,46,34,1,15,22,47,17,35,-1,42,41,11,41,3,47,8,47,32,38,49,46,37,20,29,9,30,15,11,13,10
11,23,20,44,22,3,6,25,36,30,6,28,18,19,44,29,20,43,25,20,7,19,27,41,22,3,-1,17,45,44,25,41,20,15,34,48,-1,39,1,48
1,36,46,49,27,31,49,24,40,35,5,32,15,27,50,30,31,40,-1,31,37,33,46,21,2,34,6,38,23,46,14,4,24,26,31,27,13,8,38,13
3,32,1,16,41,21,10,27,2,49,2,17,3,19,9,42,46,6,4,28,1,18,48,31,38,27,9,33,21,36,14,8,15,14,16,35,42,20,6,11
20,32,4,7,1,38,25,21,22,42,42,45,33,33,21,42,46,10,49,4,3,5,38,31,6,50,1,38,46,27,9,37,41,38,12,11,21,41,29,35
31,23,43,15,20,16,49,47,-1,23,10,17,8,3,7,48,27,43,49,13,47,41,3,16,37,8,2,11,30,37,43,36,44,11,28,33,15,18,47,10


26
0,0
25,25
23,18,35,33,41,34,7,6,37,5,32,48,4,4,13,32,38,7,41,17,34,36,29,27,12,31
13,4,30,39,47,1,43,50,48,15,40,20,15,12,21,7,6,24,20,44,1,12,49,39,3,46
37,5,11,13,23,31,10,13,15,12,47,19,18,-1,30,48,30,25,6,32,29,19,16,28,1,19
11,28,49,10,16,12,5,48,23,9,24,19,22,22,10,9,6,13,32,21,6,18,24,40,41,16
47,30,11,4,23,20,6,26,18,43,4,23,44,39,21,39,40,29,6,47,36,27,25,42,12,40
24,21,21,29,30,24,41,30,24,43,10,-1,32,12,38,10,13,13,43,3,23,22,10,3,3,31
5,12,15,21,14,47,37,16,44,6,31,38,9,43,43,25,37,29,25,4,14,18,12,6,32,45
47,10,39,12,8,23,48,49,45,19,31,19,19,26,21,47,14,4,38,26,31,27,22,31,42,47
29,45,29,8,12,12,38,3,38,38,10,29,11,7,43,38,36,11,22,49,15,6,14,21,46,23
26,45,2,21,18,36,-1,44,8,12,7,24,3,19,35,14,50,44,5,3,32,40,29,30,39,14
8,39,24,6,5,34,50,20,26,50,6,19,14,23,12,-1,20,43,23,25,13,21,22,11,21,29
34,18,50,17,18,15,25,32,44,26,50,15,15,26,19,46,47,41,-1,37,44,1,13,6,40,12
26,36,3,40,38,1,23,7,6,29,11,2,5,19,44,15,47,6,12,46,16,45,25,27,12,4
5,3,14,19,34,1,-1,14,49,46,13,39,32,49,34,13,22,-1,33,8,1,2,2,33,30,28
30,14,39,7,2,27,36,32,12,1,5,19,38,45,46,25,27,26,26,17,6,24,11,30,22,5
28,32,38,22,34,32,21,18,27,25,8,48,50,20,40,15,21,6,25,50,25,34,31,35,30,34
8,15,-1,34,5,23,13,48,27,-1,43,29,49,31,13,17,11,34,9,13,42,48,42,36,4,5
26,49,28,41,6,2,19,6,7,38,-1,46,23,31,42,31,34,50,9,2,28,34,24,10,46,21
31,17,23,30,13,5,6,43,1,20,18,22,30,3,44,41,1,36,3,14,3,3,4,39,25,47
6,11,23,35,40,45,2,24,23,49,48,14,20,43,19,11,34,30,8,36,50,11,18,41,14,10
49,43,23,38,1,3,25,49,13,40,6,8,28,8,11,6,48,23,14,19,49,24,4,49,33,25
33,5,12,2,5,44,6,50,-1,20,28,37,24,17,5,40,49,50,-1,13,38,7,2,25,3,23
6,20,28,18,25,29,33,41,35,6,15,31,42,11,41,33,38,47,20,31,30,2,45,39,21,6
16,3,34,23,50,40,4,-1,25,32,21,36,36,29,32,38,40,12,23,44,46,38,47,25,11,46
27,49,-1,17,14,20,25,26,45,35,45,43,22,7,28,37,30,5,8,16,19,48,24,20,41,29
24,45,-1,33,3,13,24,34,32,15,31,50,47,8,47,11,12,10,10,15,49,15,24,34,43,91

36
0,0
35,35
 0, 8, 6, 8, 2,10, 2, 4, 1, 9, 9, 5,10, 1, 1, 1, 0, 7, 3, 1, 6, 9, 3, 9, 7, 7, 9, 5, 6, 4, 5, 1, 6,-1, 1, 7
 10, 2, 3, 0, 5, 2, 1,10, 2, 4, 5, 4, 3, 3, 4,10, 2, 3, 9, 6, 9, 1, 6, 7, 7, 5, 8, 7, 2,-1, 3, 2, 5,-1, 9, 2
 5, 8, 9, 0, 1, 2, 4, 7, 8, 2, 9, 8, 4, 2, 2,10, 8, 8, 2, 3, 3, 1, 5,10,-1, 2, 7, 1, 4,-1,-1,-1, 0,-1, 5, 6
 6, 2, 4,10, 8, 9, 9, 7, 1, 0, 8, 8, 2, 4, 2, 1, 7, 6, 8, 3,-1, 8, 1, 8, 6, 1, 3, 3, 0, 7, 3, 4, 0, 9,10, 0
 6, 2,10, 7, 8, 1,-1, 5, 8, 8, 1, 1, 5, 8, 9, 9, 1, 8, 5, 1, 8, 4, 5, 4, 5, 8, 7, 6, 6, 8, 2, 0, 8, 8, 8, 8
 3, 0, 3, 5,10,-1, 9, 0, 8, 3, 8, 2,10,10, 7, 1, 8, 4, 2,10, 5, 4, 7, 4, 4, 6,10, 9, 0, 3, 5,10, 0, 0, 3, 5
 5, 1, 7, 5,10, 6, 6, 6, 5, 8, 9, 4, 3, 9, 0,10, 4, 9, 5, 3,10, 3, 9, 3, 4,-1, 8, 5, 0,10, 5, 2, 3, 7, 6,-1
10, 0, 9, 9, 1, 0, 2,-1, 0, 6,10, 1,10,10, 0, 7, 5, 2, 7, 7, 6, 9, 0, 3, 2, 4, 9,-1, 5, 7,-1, 9, 8, 6, 3, 4
 0, 1, 0, 6,10, 2, 6,-1,-1, 3, 9, 9, 8, 3, 7, 4, 3, 4, 5,-1, 9, 3, 5,10, 2, 3,-1,10, 2, 0, 0, 7, 8,-1,10, 2
 4, 8, 0, 8, 7,-1, 3,-1, 0,-1, 7, 9, 6, 7, 6, 1,10, 6, 0, 5, 8, 1, 2, 8, 3, 0,10, 7,10, 1, 2, 6, 9, 7, 3, 8
 0, 4, 7, 7,10, 8, 0, 1, 6, 2, 6, 4, 6, 6, 7, 5, 5, 8, 2,10, 2, 6, 8,10, 8,10, 9, 9, 0, 2, 0, 9, 6, 5, 4, 2
 0, 9, 4, 7, 4, 5, 8, 2, 2, 4, 3, 6, 1, 4, 7, 4, 9,-1, 5,10, 3, 4, 9, 7,10, 3, 5, 2, 9, 7, 0,-1, 5,10, 7, 1
 6, 8, 2,10, 4,-1, 4,-1, 2, 9, 6, 5, 7, 0, 4, 9,10, 4, 9, 0, 9, 2, 6, 7, 1,10, 5, 6, 6, 5,10, 4, 5, 7, 6, 8
 9, 1, 4, 8, 2,-1, 2,-1, 7, 8, 3, 6, 6, 9, 4, 6,-1, 4,-1, 1, 4, 5, 9, 2, 0, 1, 9, 3, 7, 0, 1,10, 5, 6,-1, 9
 8, 9, 1,10, 7, 0,10, 9,10,10, 1, 9, 3, 7, 5, 9, 3, 8, 6, 6, 7, 1, 1, 5, 6, 2, 7, 2, 3, 4, 9, 9, 9,10, 2, 8
 2, 8, 5,-1, 2, 5, 8, 7, 0, 5, 1, 3, 0, 4, 3, 9, 5, 9, 7, 7, 2,-1, 2, 8, 4, 1, 5, 9, 6, 0, 4, 0, 9, 1,-1, 0
 4, 5,10, 2, 5, 2, 3, 2, 2, 0, 4, 5, 3,10, 9, 3, 6, 2, 9, 9, 1, 4, 3, 2,10, 3, 1, 8, 6, 7, 4, 6, 7, 5, 1, 8
-1, 9, 7, 5, 5, 3,10, 8, 3, 3, 9, 5, 6, 1,10, 7, 4, 9, 9, 5, 9, 8, 9, 9, 1, 6, 9, 7, 5, 3, 5, 4, 6, 3, 0, 1
 0, 1, 5, 1, 3, 8, 0, 1, 2, 5, 0, 9, 9, 3, 4, 0, 2, 0,10, 7, 0,10, 3, 7, 0, 8, 9, 0, 1, 0, 2, 0, 3, 4,10, 3
 6, 1,-1,10, 7, 1, 5, 2, 3, 5, 8,10, 7, 3, 0, 6, 8, 5, 1,10, 0, 6, 6, 8, 0, 7,-1, 0, 7, 9, 5, 5, 7, 1, 5, 4
 6, 4,10, 7, 8, 2, 9, 8, 3, 4, 3, 8, 7, 6, 6, 2, 7, 9, 6, 6, 0, 0, 6, 5, 9, 2, 3, 3, 3,10, 7,10, 6, 7, 2, 9
 1, 2,-1, 7, 0, 5,10, 2, 8, 4, 7, 8, 7, 7, 5, 2, 5, 7, 4, 2, 4, 3,10, 6, 8, 5, 2, 1, 4, 9, 0, 1, 4, 0, 2, 2
 4, 9,10, 9,10, 9,10, 7, 9, 0, 1, 6, 5, 3, 0, 6, 4, 7, 9,10, 4, 4, 9, 8, 1, 7, 8, 0, 0, 9, 3, 8, 5, 3, 7, 6
 4, 6, 0, 7, 7, 8, 6, 8, 9, 1, 2, 9, 3, 4, 9, 0, 8,10, 1, 0, 5, 9, 8, 7, 9, 3, 3,10, 7, 9, 8, 3, 2,10, 3, 6
 2, 1, 8, 4, 8, 1, 8, 6, 0, 3, 9, 1, 7, 3, 8, 5, 8, 5, 4, 4,10, 5, 0, 9, 2, 1, 9, 0, 6, 8, 4, 4,-1,-1,-1,10
 7, 0, 8, 4, 4, 1, 9, 8, 0, 9, 8,10, 5, 5, 2, 8, 1, 5, 9, 9,10, 6, 5, 9, 8, 1, 4, 4, 7, 6,10, 4, 9, 1, 8, 2
 6, 7, 2, 8, 7, 6,10, 1, 0, 9, 5,10, 7, 6, 4, 9, 2, 2, 5, 1, 9, 2, 1, 6, 8, 3, 0, 8, 1, 0, 6, 9, 8, 3,-1, 0
 5, 7,10, 1, 8, 4, 4, 0,10,10, 1, 1, 2, 8, 4, 8, 0, 6, 8, 3, 8, 5, 5, 3, 8,10, 8, 5,10, 1,10, 2, 5, 0,-1, 6
 0, 8, 1, 3, 5, 6, 0, 7, 9, 2, 1, 6, 8, 1, 2, 1, 5, 0, 0,10, 0, 4, 9, 0, 0, 4, 7, 4, 3, 6, 9, 6, 5,10, 0, 3
 7, 2, 0, 5, 6,10, 6, 6,10,10, 2, 1, 0, 2, 7, 1, 1, 8, 3, 5, 0,10, 1, 8, 2, 6, 3, 0, 9, 3, 2, 4, 9, 8, 5, 3
 3, 2, 1, 1, 6, 3,-1, 0, 4, 8, 7, 3, 4, 7, 6, 1, 9, 7, 0,10, 4, 6, 5, 7, 8, 2,10, 1, 2, 6, 7, 8, 2, 3,10, 9
 6, 4, 9, 2,10, 9, 8, 2, 7, 6, 6, 8, 3, 7, 9, 3, 7, 0, 0, 3, 2, 4, 5, 8, 7, 2,10,10, 4,10, 2,10,-1, 6,-1, 0
 4, 4,10, 8, 3, 0, 7, 3, 8, 4, 7, 3, 1, 5, 6, 0, 2, 2, 6, 2, 1, 4, 3, 1, 4, 0, 5, 7, 1, 6, 5,10, 7, 5,-1, 3
 8, 0, 2,10, 9, 3, 3, 8, 7, 7, 8,10, 6,10, 2, 4,10, 0,10, 7, 8, 7, 1, 9, 5,10, 4, 2, 0, 9, 7, 1, 8, 3, 8, 9
 2, 5, 1, 7, 1, 8, 2,10, 3,10, 5, 7, 9,10,10,10, 0, 4, 4, 2,10, 2, 0, 1, 6, 9,10, 7, 4, 6,10, 8, 4, 8, 0,10
 1, 0, 8, 1, 4, 7, 9, 3, 7, 3, 6, 6, 6, 3, 9, 9, 3, 9, 3, 3, 7, 5,10, 0, 8, 2, 2, 5, 4, 9, 8, 5, 3, 2, 6, 4

30
0,0
29,29
34,33,34,12,4,19,3,10,25,12,16,6,46,-1,31,32,12,49,18,18,31,29,18,48,1,2,11,50,14,10
44,15,29,7,18,34,50,3,29,23,1,9,26,25,36,45,49,47,42,3,7,35,42,17,11,21,40,25,13,13
30,29,24,32,46,4,25,32,29,34,26,1,2,30,32,49,44,7,22,49,25,24,29,17,19,40,42,4,15,35
28,23,17,16,49,28,14,36,47,25,32,24,24,42,39,19,45,48,26,34,20,7,14,22,47,45,3,14,14,24
27,50,2,35,31,32,6,48,33,23,4,19,10,12,21,7,16,34,41,45,36,21,49,17,18,6,8,24,13,5
5,42,2,9,5,31,39,26,33,22,14,48,8,-1,30,40,14,18,22,13,24,22,15,49,30,-1,16,42,3,38
46,28,2,18,46,35,25,18,13,41,41,19,14,40,49,24,11,11,29,50,24,43,8,19,38,39,45,21,47,10
19,50,12,48,45,48,15,30,27,38,17,22,2,19,40,20,36,47,46,30,47,30,1,50,16,21,43,14,41,19
11,26,-1,7,36,42,50,47,43,18,6,14,12,49,30,6,36,12,32,39,5,23,3,48,18,11,2,41,38,26
1,29,5,41,48,3,34,9,49,12,48,31,21,18,21,41,30,47,4,9,15,16,15,48,34,24,42,42,4,46
14,44,44,15,30,47,13,20,29,43,22,3,36,30,34,5,28,6,30,27,22,24,47,5,7,4,10,41,4,34
16,47,-1,31,-1,-1,47,19,39,17,14,23,48,24,29,15,13,7,48,38,21,34,38,37,24,44,50,44,31,16
14,7,31,30,6,40,31,38,42,46,23,15,11,20,38,45,13,9,37,31,11,30,19,19,31,25,21,48,16,29
43,9,4,-1,27,48,17,27,11,37,27,13,21,34,21,8,10,9,35,12,1,13,46,21,10,34,45,26,42,16
32,31,31,18,47,46,43,12,31,33,36,-1,8,47,43,11,45,11,25,25,14,21,4,1,43,27,46,22,27,36
47,37,7,11,43,50,46,22,27,47,37,42,9,16,24,31,20,40,13,46,35,43,23,5,28,12,15,46,25,8
21,37,24,2,5,25,38,23,37,11,34,6,31,47,49,20,46,12,7,25,45,6,11,41,23,28,8,35,7,18
-1,8,23,4,8,37,28,10,6,3,-1,37,4,29,26,1,41,47,1,10,7,37,21,32,31,17,12,37,47,29
18,7,10,6,5,26,23,43,3,39,40,26,14,33,8,1,-1,14,31,8,24,15,39,16,47,11,33,25,20,12
2,30,17,19,36,44,30,-1,4,48,47,17,47,34,19,13,-1,38,45,19,47,39,11,25,26,26,18,10,3,33
18,39,48,37,38,9,50,3,31,42,25,15,-1,20,32,15,33,26,24,50,4,40,41,42,-1,43,33,4,46,23
39,21,16,40,2,20,16,16,11,36,14,37,35,41,50,27,29,19,22,2,3,26,1,39,2,44,18,27,29,19
25,43,5,49,8,13,3,14,42,2,35,21,31,7,31,34,36,26,2,24,23,25,13,9,6,44,45,18,20,44
2,29,43,8,47,45,4,20,-1,40,15,2,17,48,44,10,31,28,1,15,6,39,40,4,33,15,4,13,16,37
38,35,30,25,16,35,25,7,25,41,16,7,6,12,44,45,21,4,39,12,1,4,5,43,45,5,6,34,20,41
34,49,7,32,27,25,49,33,36,27,29,27,18,27,29,22,28,2,6,28,13,24,39,2,27,46,31,1,49,45
42,30,28,31,6,46,34,20,36,30,26,32,24,40,18,22,40,13,34,18,15,18,24,8,5,12,-1,34,6,2
32,8,1,27,16,41,37,7,30,6,41,12,29,7,13,43,32,35,39,50,8,27,42,24,35,37,40,4,28,24
43,7,22,13,21,7,1,13,32,20,48,22,34,3,8,46,5,41,32,5,35,21,37,4,4,32,2,31,2,44
22,6,38,21,14,6,12,46,50,48,5,40,27,11,22,38,21,6,36,32,41,11,15,49,46,9,9,33,39,33


22
0,0
21,21
24,39,-1,42,31,22,3,22,20,24,49,23,21,8,3,35,34,10,40,2,15,2
1,2,27,36,42,3,30,16,9,47,43,1,42,39,37,10,37,19,35,39,45,50
34,6,13,20,34,24,7,11,9,49,35,1,10,37,10,24,33,13,9,41,14,24
23,25,21,29,15,46,17,50,17,39,13,3,34,16,36,19,9,-1,26,29,18,35
10,32,50,17,17,9,2,30,5,6,42,13,40,46,10,29,42,11,16,45,3,37
47,14,10,42,11,46,37,42,4,33,40,26,47,10,49,16,22,37,7,21,15,33
41,9,21,12,4,38,21,11,49,17,27,1,26,40,19,22,18,41,4,45,45,11
13,17,7,28,27,33,33,49,4,30,25,35,11,21,2,49,16,3,37,50,23,6
11,41,17,38,36,31,42,-1,32,19,-1,46,6,9,7,48,42,26,34,45,2,45
45,48,7,35,29,27,37,37,10,18,42,10,16,33,32,37,15,12,26,24,48,23
24,11,48,14,3,36,7,19,38,2,34,6,36,40,47,22,5,49,35,2,13,3
44,27,14,32,18,14,7,9,38,7,27,44,3,17,30,35,10,48,19,7,6,42
39,41,-1,17,42,31,39,39,-1,18,34,42,40,5,3,1,1,28,18,38,18,41
31,13,10,46,4,50,18,42,1,8,14,-1,6,23,31,38,38,23,25,22,48,2
5,19,32,23,45,36,48,20,20,48,31,1,13,48,32,37,7,42,39,31,37,15
45,11,24,39,30,34,45,16,11,36,2,3,46,10,40,17,28,36,46,11,15,15
7,20,25,48,16,17,43,31,33,1,42,43,24,43,43,3,30,35,24,30,24,24
27,9,19,14,5,4,19,37,47,3,45,32,37,11,22,11,34,15,16,10,38,42
29,27,41,31,28,22,35,11,11,13,25,4,-1,20,35,13,46,29,2,5,26,2
42,20,28,21,36,19,33,18,48,46,48,15,1,46,38,-1,44,6,-1,24,34,20
4,30,25,3,35,35,43,28,20,49,39,47,12,32,5,48,43,31,21,13,2,29
32,41,38,30,42,1,7,29,48,36,14,13,15,12,41,2,-1,29,1,41,13,48


42
0,0
41,41
17,3,13,45,34,9,12,6,12,1,1,2,2,18,23,27,20,41,-1,21,40,40,42,13,42,21,39,1,25,43,26,-1,37,32,6,3,6,13,47,42,24,25
27,28,40,43,2,43,37,16,35,35,25,12,13,36,20,17,48,29,28,12,10,28,13,10,41,21,36,26,24,49,48,48,20,27,25,7,-1,6,24,40,35,25
44,18,8,7,50,12,24,21,1,23,22,3,19,50,9,24,50,36,49,48,48,46,24,10,35,4,50,40,36,50,18,22,21,4,18,6,36,33,14,8,17,32
50,4,20,48,39,22,30,35,36,43,39,27,-1,31,43,39,15,-1,3,42,17,11,40,1,48,-1,25,16,40,49,49,19,17,14,41,8,1,33,2,17,30,13
49,5,31,9,11,19,22,27,25,39,32,19,50,16,44,29,44,10,4,47,30,30,29,24,20,8,30,46,47,16,13,46,27,49,25,32,6,42,49,38,30,9
21,8,3,15,39,29,3,37,9,14,48,2,28,33,24,13,11,37,22,2,5,1,50,23,35,9,12,29,2,17,49,30,19,31,39,27,19,40,11,41,40,16
9,47,49,47,37,1,22,40,11,24,31,43,38,40,1,18,39,11,16,43,28,15,7,40,14,33,20,46,32,4,14,38,25,3,37,40,22,11,8,43,30,42
15,37,30,22,20,18,-1,33,26,50,47,45,2,6,16,30,42,14,8,46,29,14,49,13,18,6,26,47,41,6,21,15,11,22,16,13,48,41,37,9,16,13
47,26,36,37,31,14,8,-1,13,42,3,37,19,19,-1,38,28,41,15,27,47,47,8,37,3,47,15,14,4,17,-1,39,37,29,28,5,43,44,2,50,7,26
50,38,7,18,17,36,8,8,13,41,11,40,35,30,14,32,12,12,23,16,49,14,35,49,29,13,27,14,10,45,34,38,42,20,41,8,22,42,31,-1,50,20
21,8,38,2,21,5,35,45,29,26,10,24,39,9,24,37,16,18,27,30,40,30,28,16,3,32,33,15,23,48,40,18,37,30,3,-1,7,18,14,12,10,19
11,40,4,30,8,25,26,38,33,37,3,19,49,16,48,1,31,8,16,31,37,5,6,32,30,7,31,40,5,18,11,4,50,24,12,4,21,38,15,38,39,26
42,17,19,30,6,3,35,24,6,12,32,36,20,6,47,20,27,33,33,26,5,30,4,25,23,50,50,29,33,16,2,5,12,7,-1,12,13,38,20,45,11,44
30,26,20,49,9,1,44,42,48,17,45,-1,15,20,27,13,8,17,19,46,48,4,43,49,-1,17,22,9,23,22,49,44,3,13,9,30,37,1,11,13,41,37
1,7,7,40,5,30,33,43,42,30,9,5,34,41,44,34,11,6,17,-1,33,9,35,37,38,49,28,5,27,14,13,22,22,46,32,1,25,37,22,14,50,16
35,5,22,32,45,4,28,8,7,24,26,24,9,25,37,26,50,8,9,7,4,36,25,1,11,25,34,50,44,10,43,28,28,9,46,39,47,11,33,26,42,41
14,7,6,26,33,40,22,36,28,27,28,27,34,17,2,12,13,8,2,14,32,-1,45,41,21,40,44,3,46,28,9,19,19,11,47,46,19,11,20,37,50,29
23,28,28,4,12,23,29,31,19,33,1,39,29,49,42,32,44,46,48,39,20,12,22,25,29,48,9,11,29,49,5,2,22,2,16,40,30,19,14,4,26,19
27,23,45,7,24,48,39,37,44,25,19,1,50,9,32,9,13,23,5,32,37,38,21,43,23,13,41,8,14,22,6,26,31,13,24,6,1,15,27,10,15,7
14,3,5,1,9,42,2,27,40,12,31,43,25,39,21,13,36,38,4,16,4,24,7,40,23,38,44,38,49,21,40,28,23,33,6,32,9,20,13,17,4,25
22,29,-1,47,22,24,39,25,26,23,8,-1,41,33,11,11,32,50,39,46,4,37,6,13,4,41,13,19,22,33,32,47,33,5,40,46,34,21,8,10,38,39
35,9,24,3,21,20,15,41,16,3,37,39,1,8,6,38,28,36,6,19,48,31,24,47,16,27,47,14,45,25,6,31,12,29,33,-1,8,25,39,41,30,43
29,21,29,46,22,39,31,13,24,23,36,33,28,15,50,29,1,20,16,3,9,7,14,45,40,5,20,33,2,33,2,49,3,38,21,17,13,5,27,11,4,37
18,36,46,27,7,50,9,10,11,26,18,32,1,45,2,7,9,32,20,1,50,5,35,50,39,47,14,34,34,8,38,43,41,2,9,35,50,41,19,22,37,-1
30,17,41,10,4,28,7,23,18,35,10,23,38,38,1,1,21,6,4,25,23,22,40,21,33,34,32,-1,34,45,18,11,37,17,46,42,19,50,39,50,42,12
23,45,38,40,10,41,31,30,47,32,6,46,11,13,3,49,27,-1,4,15,29,31,50,1,10,5,12,3,32,9,19,33,28,22,24,16,13,39,19,22,5,35
13,38,44,44,36,3,22,36,5,38,15,37,9,45,32,30,9,18,14,17,4,33,2,49,14,10,28,38,22,3,1,50,25,21,18,23,18,-1,25,15,16,16
17,32,13,22,9,41,-1,10,31,-1,18,26,2,24,7,11,7,11,27,9,41,19,12,44,2,35,13,21,20,44,15,2,39,19,43,6,32,15,10,25,26,32
18,24,42,47,41,14,26,9,50,28,19,28,17,37,43,14,26,3,16,18,2,50,50,16,36,19,10,35,43,8,35,24,16,42,1,47,47,13,22,32,48,16
15,39,32,45,49,33,20,5,41,30,13,11,30,6,15,21,14,8,37,11,36,3,18,24,2,11,46,39,41,15,34,-1,32,1,18,18,49,48,48,48,-1,5
26,25,3,30,43,24,16,20,45,28,10,40,25,30,6,36,26,16,24,49,38,38,20,32,4,7,21,8,30,31,19,34,20,39,22,23,25,9,43,23,24,4
36,1,36,25,20,48,15,1,49,47,11,46,31,11,27,13,2,3,15,21,16,45,47,31,7,30,40,31,3,5,10,48,49,37,14,20,50,46,2,29,9,13
40,10,50,20,28,39,14,32,31,15,-1,38,25,48,19,4,42,9,11,40,48,39,19,30,49,4,9,30,21,1,48,1,4,38,35,26,31,35,15,48,24,3
34,23,23,7,19,38,24,29,33,12,38,36,29,49,38,22,40,50,9,47,3,10,-1,34,9,38,44,36,7,13,28,1,34,32,11,33,4,35,43,8,9,49
25,37,19,36,30,7,44,6,42,25,33,23,46,34,1,15,22,47,17,35,-1,42,41,11,41,3,47,8,47,32,38,49,46,37,20,29,9,30,15,11,13,10
48,8,11,23,20,44,22,3,6,25,36,30,6,28,18,19,44,29,20,43,25,20,7,19,27,41,22,3,-1,17,45,44,25,41,20,15,34,48,-1,39,1,48
49,2,1,36,46,49,27,31,49,24,40,35,5,32,15,27,50,30,31,40,-1,31,37,33,46,21,2,34,6,38,23,46,14,4,24,26,31,27,13,8,38,13
42,34,3,32,1,16,41,21,10,27,2,49,2,17,3,19,9,42,46,6,4,28,1,18,48,31,38,27,9,33,21,36,14,8,15,14,16,35,42,20,6,11
38,1,20,32,4,7,1,38,25,21,22,42,42,45,33,33,21,42,46,10,49,4,3,5,38,31,6,50,1,38,46,27,9,37,41,38,12,11,21,41,29,35
31,23,43,15,20,16,49,47,-1,23,10,17,8,3,7,48,27,43,49,13,47,41,3,16,37,8,2,11,30,37,43,36,44,11,28,33,15,18,47,10,32,24
19,43,47,4,25,9,50,20,34,45,38,10,43,7,33,48,2,14,29,47,5,46,39,46,6,19,43,22,49,1,43,26,7,41,6,39,35,26,11,47,32,23
38,35,11,43,36,21,28,39,20,-1,41,26,47,3,32,18,50,37,36,49,42,41,29,30,30,14,13,27,34,43,17,3,38,5,47,47,35,3,33,40,2,4


4
0,0
13,13
17,7,22,49,5,47,45,44,44,40,12,13,14,15
14,3,40,4,9,19,36,9,28,49,12,13,14,15
44,28,20,18,43,10,41,3,10,39,12,13,14,15
21,25,17,23,45,11,3,27,4,40,12,13,14,15
24,11,6,21,12,10,13,20,35,8,12,13,14,15
32,18,28,13,3,21,27,-1,25,18,12,13,14,15
8,28,10,21,31,12,-1,34,15,50,12,13,14,15
47,8,1,33,38,48,23,32,5,31,12,13,14,15
-1,50,50,5,35,44,49,1,31,6,12,13,14,15
2,28,6,3,6,13,31,50,44,1,12,13,14,15
8,28,10,21,31,12,-1,34,15,50,12,13,14,15
47,8,1,33,38,48,23,32,5,31,12,13,14,15
-1,50,50,5,35,44,49,1,31,6,12,13,14,15
2,28,6,3,6,13,31,50,44,1,12,13,14,15



